     1        0   129600   0.000
     2    19912   129600   0.010
     3    39823   129600   0.020
     4    59734   129600   0.030
     5    79645   131004   0.040
     6    99556   131004   0.050
     7   119467   131004   0.060
     8   139378   133340   0.070
     9   159289   133340   0.080
    10   179200   133340   0.090
    11   199111   133340   0.100
    12   219022   135899   0.110
    13   238933   135899   0.120
    14   258844   135899   0.130
    15   278755   138463   0.140
    16   298666   138463   0.150
    17   318577   138463   0.160
    18   338488   138463   0.170
    19   358399   141080   0.180
    20   378310   141080   0.190
    21   398221   141080   0.200
    22   418132   143679   0.210
    23   438043   143679   0.220
    24   457954   143679   0.230
    25   477865   143679   0.240
    26   497776   146343   0.250
    27   517687   146343   0.260
    28   537598   146343   0.270
    29   557509   149069   0.280
    30   577420   149069   0.290
    31   597331   149069   0.300
    32   617242   149069   0.310
    33   637153   151853   0.320
    34   657064   151853   0.330
    35   676975   151853   0.340
    36   696886   154624   0.350
    37   716797   154624   0.360
    38   736708   154624   0.370
    39   756619   154624   0.380
    40   776530   157328   0.390
    41   796441   157328   0.400
    42   816352   157328   0.410
    43   836263   160070   0.420
    44   856174   160070   0.430
    45   876085   160070   0.440
    46   895996   160070   0.450
    47   915907   162830   0.460
    48   935818   162830   0.470
    49   955729   162830   0.480
    50   975640   165622   0.490
    51   995551   165622   0.500
    52  1015462   165622   0.510
    53  1035373   165622   0.520
    54  1055284   168371   0.530
    55  1075195   168371   0.540
    56  1095106   168371   0.550
    57  1115017   171153   0.560
    58  1134928   171153   0.570
    59  1154839   171153   0.580
    60  1174750   171153   0.590
    61  1194661   173974   0.600
    62  1214572   173974   0.610
    63  1234483   173974   0.620
    64  1254394   176770   0.630
    65  1274305   176770   0.640
    66  1294216   176770   0.650
    67  1314127   176770   0.660
    68  1334038   179610   0.670
    69  1353949   179610   0.680
    70  1373860   179610   0.690
    71  1393771   182442   0.700
    72  1413682   182442   0.710
    73  1433593   182442   0.720
    74  1453504   182442   0.730
    75  1473415   185277   0.740
    76  1493326   185277   0.750
    77  1513237   185277   0.760
    78  1533148   188086   0.770
    79  1553059   188086   0.780
    80  1572970   188086   0.790
    81  1592881   188086   0.800
    82  1612792   190935   0.810
    83  1632703   190935   0.820
    84  1652614   190935   0.830
    85  1672525   193760   0.840
    86  1692436   193760   0.850
    87  1712347   193760   0.860
    88  1732258   193760   0.870
    89  1752169   196573   0.880
    90  1772080   196573   0.890
    91  1791991   196573   0.900
    92  1811902   199410   0.910
    93  1831813   199410   0.920
    94  1851724   199410   0.930
    95  1871635   199410   0.940
    96  1891546   202276   0.950
    97  1911457   202276   0.960
    98  1931368   202276   0.970
    99  1951279   205118   0.980
   100  1971190   205118   0.990
   101  1991101   205118   1.000
   102  2011012   205118   1.010
   103  2030923   207950   1.020
   104  2050834   207950   1.030
   105  2070745   207950   1.040
   106  2090656   210840   1.050
   107  2110567   210840   1.060
   108  2130478   210840   1.070
   109  2150389   210840   1.080
   110  2170300   213703   1.090
   111  2190211   213703   1.100
   112  2210122   213703   1.110
   113  2230033   216535   1.120
   114  2249944   216535   1.130
   115  2269855   216535   1.140
   116  2289766   216535   1.150
   117  2309677   219351   1.160
   118  2329588   219351   1.170
   119  2349499   219351   1.180
   120  2369410   222173   1.190
   121  2389321   222173   1.200
   122  2409232   222173   1.210
   123  2429143   222173   1.220
   124  2449054   225088   1.230
   125  2468965   225088   1.240
   126  2488876   225088   1.250
   127  2508787   227986   1.260
   128  2528698   227986   1.270
   129  2548609   227986   1.280
   130  2568520   227986   1.290
   131  2588431   230875   1.300
   132  2608342   230875   1.310
   133  2628253   230875   1.320
   134  2648164   233821   1.330
   135  2668075   233821   1.340
   136  2687986   233821   1.350
   137  2707897   233821   1.360
   138  2727808   236697   1.370
   139  2747719   236697   1.380
   140  2767630   236697   1.390
   141  2787541   239556   1.400
   142  2807452   239556   1.410
   143  2827363   239556   1.420
   144  2847274   239556   1.430
   145  2867185   242462   1.440
   146  2887096   242462   1.450
   147  2907007   242462   1.460
   148  2926918   245360   1.470
   149  2946829   245360   1.480
   150  2966740   245360   1.490
   151  2986651   245360   1.500
